1
1
2
1
3
3
6
1
2
6
4
12
3
4
13
1
9
17
8
14
16
2
18
21
16
10
6
28
10
11
16
22
30
7
7
28
34
12
5
4
13
12
28
43
17
25
39
9
46
12
11
18
49
1
40
56
5
9
44
10
22
49
51
10
13
1
6
18
61
47
31
44
62
21
16
17
65
15
21
39
21
54
59
15
37
35
46
46
84
79
7
39
32
17
68
1
70
76
70
99
50
87
9
71
2
74
17
3
22
23
10
35
78
63
2
87
27
91
87
86
73
22
79
119
60
114
31
115
25
64
28
11
57
36
48
75
52
27
60
118
3
97
69
8
18
19
124
36
148
35
31
18
33
49
34
1
145
41
155
10
48
35
68
19
20
43
2
148
9
50
144
7
2
104
63
20
10
64
62
107
34
21
114
95
83
155
172
135
147
86
112
178
81
133
52
118
101
104
158
51
59
95
142
176
176
98
43
183
26
165
1
95
194
175
6
162
33
118
25
100
129
106
35
219
3
213
79
127
15
197
218
80
129
63
107
74
216
54
84
231
22
25
230
215
230
84
169
48
238
210
114
188
129
151
226
224
46
85
62
194
120
24
61
9
226
172
140
206
64
252
53
122
262
175
251
18
154
150
76
247
204
156
228
199
144
233
151
271
72
108
142
205
121
232
82
79
235
182
162
69
57
174
156
72
89
123
62
93
285
183
139
37
195
3
172
137
306
1
153
107
18
56
45
173
86
147
173
302
223
230
272
106
298
30
238
216
264
44
11
258
143
141
189
34
145
244
154
166
78
193
33
90
162
312
334
59
53
125
149
139
230
176
289
190
340
84
191
275
362
322
333
261
323
315
178
164
332
141
362
216
304
369
349
265
320
276
158
248
213
190
125
275
140
290
149
150
392
370
389
132
247
186
79
359
282
6
219
11
15
336
103
383
384
397
254
224
95
129
321
257
187
334
199
42
260
232
384
31
249
279
218
200
283
10
405
2
434
21
140
114
36
47
236
442
291
53
33
293
197
412
90
306
334
91
366
455
30
2
163
207
311
226
333
224
111
102
310
255
128
159
423
445
338
130
375
23
465
169
269
145
125
188
422
112
32
34
409
423
251
213
401
50
419
427
197
480
192
89
111
129
